15117947
15117949
15117952
15117956
15117957
15117961
15118155
15118156
15118043
15118161
15118162
15117968
15117970
15118167
15118168
15118169
15118171
15118172
15117972
15118173
15118176
15117974
15118179
15118180
15117982
15118070
15117983
15118183
15117984
15117986
15117987
15118072
15118187
15118189
15118190
15117991
15118196
15118198
15118201
15117994
15117995
15118204
15118000
15118106
15118205
15118206
15118001
15118209
15118211
15118005
15118007
15118008
15118115
15118116
15118215
15118117
15118216
15118221
15118010
15118123
15118223
15118011
15118126
15118225
15118130
15118231
15118131
15118137
15118139
15118013
15118014
15118016
15118017
15118142
15118174
15118182
15118200
15118217
15118019
15118110
15118038
15117964
15117975
15117988
15117989
15117996
15117999
15118003
15118004
15088190
15118825
15118831
15118832
15118833
15118837
15118838
15118843
15118845
15118847
15118854
15118860
15118861
15118876
15118875
15118880
15118881
15118886
15118894
15118902
15118942
15118945
15118946
15118948
15118951
15118952
15118954
15118955
15118956
15118958
15118963
15118965
15118966
15118968
15118970
15118971
15118973
15118974
15118975
15118980
15118985
15118991
15118988
15118990
15118996
15118997
15118998
15119002
15119006
15119011
15119013
15119016
15119017
15119021
15119023
15119024
15119025
15119026
15119028
15119029
15119032
15119033
15119036
15119040
15119042
15119043
15119045
15119046
15119048
15119050
15119053
15119054
15119055
15119059
15119062
15119063
15119064
15119070
15119074
15119075
15119077
15119078
15119080
15119081
15119083
15119084
15119086
15119088
15119159
15119161
15119111
15119162
15119169
15119289
15119290
15119175
15119244
15119179
15119247
15119296